sparse_threshold: 0.20000000000000001
exploration_bonus: 0.59999999999999998
redundancy_penalty: 0.59999999999999998